21-Apr-2008
Position	AA	3TC	FTC	ABC	AZT	D4T	DDI	TDF
41	L	4	4	12	15	15	12	12
44	A	5	5	2	2	2	2	2
44	D	5	5	2	2	2	2	2
62	V	0	0	2	2	2	2	2
65	R	30	30	30	-5	15	30	40
65	N	15	15	10	0	0	15	15
67	-	15	15	25	30	30	25	15
67	E	0	0	5	10	10	5	0
67	G	0	0	8	15	12	8	5
67	N	0	0	8	15	12	8	5
67	S	0	0	5	5	5	5	5
67	T	0	0	5	5	5	5	5
67	H	0	0	5	5	5	5	5
69	-	15	15	25	30	30	25	15
69	A	2	2	2	2	2	5	2
69	I	2	2	2	2	2	5	2
69	D	5	5	5	5	10	20	5
69	insert	25	25	30	30	30	40	40
69	N	5	5	5	5	10	10	5
69	S	2	2	2	2	2	5	2
69	G	5	5	5	5	10	20	5
69	E	2	2	2	2	2	2	2
70	R	0	0	0	18	10	0	8
70	G	10	10	20	0	0	25	15
70	E	15	15	25	0	0	25	25
70	T	0	0	0	5	5	0	0
70	S	0	0	0	5	5	0	0
70	N	0	0	0	5	5	0	0
74	I	0	0	20	0	0	30	0
74	V	0	0	30	-5	0	60	0
75	A	0	0	5	5	15	10	5
75	I	5	5	5	5	10	10	5
75	M	0	0	5	5	30	20	5
75	T	0	0	5	5	50	20	5
75	S	0	0	5	5	20	10	0
75	L	0	0	2	2	2	2	2
77	L	5	5	10	10	10	10	5
100	I	0	0	0	-4	0	0	-4
115	F	0	0	25	0	0	0	10
116	Y	5	5	10	10	10	10	5
118	I	5	5	2	2	2	2	2
151	L	10	10	20	20	20	20	10
151	M	15	15	40	50	50	50	15
181	C	0	0	0	-4	0	0	-4
184	I	60	60	12	-8	-5	5	-8
184	V	60	60	12	-8	-5	5	-8
210	F	0	0	0	0	0	0	0
210	W	4	4	12	15	15	12	12
210	S	0	0	0	0	0	0	0
210	M	0	0	0	0	0	0	0
215	C	0	0	10	20	20	10	10
215	D	0	0	10	20	20	10	10
215	E	0	0	10	20	20	10	10
215	I	0	0	10	20	20	10	10
215	V	0	0	10	20	20	10	10
215	S	0	0	10	20	20	10	10
215	F	4	4	20	35	30	20	10
215	Y	4	4	20	35	30	20	20
215	Z	0	0	10	15	15	15	10
219	E	0	0	0	15	10	0	0
219	N	0	0	0	15	10	0	0
219	Q	0	0	0	15	10	0	0
219	R	0	0	0	10	5	0	0
219	W	0	0	5	10	10	5	5
219	T	0	0	5	10	5	0	0
333	D	0	0	0	5	0	0	0
333	E	0	0	0	5	0	0	0