21-Apr-2008
Position	AA	DLV	EFV	NVP	ETR
98	G	5	5	10	5
98	S	0	0	0	0
100	I	40	40	40	20
100	V	10	10	10	10
101	E	30	15	30	15
101	P	30	30	30	15
101	Q	0	0	0	0
101	R	0	0	0	0
101	H	15	10	15	5
101	N	15	10	15	5
103	N	60	60	70	10
103	R	5	5	5	5
103	S	60	50	60	10
103	T	60	50	60	10
103	Q	10	10	10	5
103	E	15	10	15	5
106	A	50	25	60	10
106	M	60	60	60	10
106	I	0	0	0	0
106	L	10	5	10	0
108	I	10	10	10	5
138	K	20	10	20	20
179	D	10	10	10	10
179	E	10	10	10	10
179	I	0	0	0	0
179	T	0	0	0	0
179	G	0	0	0	0
179	A	0	0	0	0
179	F	30	15	30	40
179	M	10	10	10	10
181	C	60	20	60	30
181	I	60	20	60	30
181	V	60	20	60	30
181	S	30	10	30	10
188	C	25	25	60	10
188	H	25	25	25	15
188	L	30	60	60	20
190	A	0	40	60	15
190	C	0	60	60	20
190	E	15	60	60	30
190	Q	15	60	60	20
190	S	0	60	60	30
190	V	0	60	60	20
190	T	0	60	60	20
225	H	0	30	0	10
227	C	30	15	30	15
227	L	0	0	15	10
227	Y	0	0	10	0
227	S	0	0	0	0
230	L	60	40	60	20
234	I	10	10	10	10
236	L	60	0	0	0
236	S	25	0	0	0
238	T	30	15	30	0
238	N	30	12	30	0
238	R	0	0	0	0
318	F	50	12	30	0